Description_char_embedding:

=======================================================================
分别是字符级别的 256 维的 embedding 向量及词语级别的 256 维的 embedding 向量。以上两个文件都由 google word2vec 训练得到，保存成 txt 格式。可以使用 word2vec 直接加载。数据格式如下:

第一行是两个数字，指明了词汇表的大小及 embedding 向量的长度；

其余的各行均为 257 列，第一列是 char_id 或者 word_id，其后是 256 个浮点数，代表 256 维 embedding 向量。

词汇表中省略掉了出现频次为 5 以下的字符或者词语，因此在训练和验证语料中出现的词汇有可能没有对应的 word embedding 向量。

==========================================================================

11973 256
</s> 0.001329 -0.001211 -0.000579 -0.001510 -0.000163 -0.001097 -0.000401 0.000043 0.000467 0.000923 0.000357 -0.000048 0.001727 -0.000111 -0.000799 -0.001549 0.001635 0.000034 -0.001603 -0.001612 0.001096 0.000980 -0.001230 -0.000497 0.000136 0.001492 0.001499 0.001786 -0.000819 0.001783 -0.001353 -0.000818 0.001048 0.001309 -0.001424 0.000880 0.001266 0.001086 0.000405 -0.001579 0.001815 0.000750 -0.000071 0.001782 -0.000985 -0.000396 -0.001096 0.001269 -0.000020 -0.001527 -0.001860 -0.001087 0.001635 -0.001949 0.000273 -0.001573 -0.000096 -0.000973 -0.000971 0.000937 -0.000568 -0.000155 0.000791 0.001887 -0.000552 -0.000895 -0.000681 -0.001845 -0.000728 -0.001171 0.000419 0.001924 0.001547 0.000062 -0.000889 -0.001063 -0.001248 -0.001817 -0.000970 -0.001849 -0.000413 -0.000121 -0.000936 -0.001485 0.000774 -0.000047 -0.001589 -0.000418 0.000187 0.001860 0.001710 -0.001696 -0.001261 0.000029 -0.001122 -0.000831 0.000765 0.001919 -0.001504 0.001758 0.001320 0.000746 -0.000934 0.001821 -0.001277 0.001775 0.000313 0.001697 -0.001555 0.001600 -0.000131 -0.001019 -0.001851 0.000211 -0.001666 0.000312 -0.001702 0.001463 -0.001188 -0.001844 -0.000055 -0.001006 0.001624 0.000775 -0.001860 -0.000840 0.001807 0.000187 0.001260 -0.000096 0.000132 -0.001424 -0.000222 0.001945 0.001299 0.000398 0.001172 -0.000588 -0.000577 0.000779 0.001896 0.000205 0.001772 -0.001246 0.001326 0.000027 -0.001428 0.000084 0.001928 -0.001894 0.000288 -0.000935 -0.000638 -0.000596 0.001835 0.001808 0.001199 0.000777 -0.001108 0.000160 -0.000888 -0.000895 0.001478 -0.001815 -0.001899 0.001637 0.000581 0.000375 -0.000999 -0.001221 -0.000107 0.000861 0.001367 0.001393 0.001166 -0.000717 -0.001863 -0.001141 0.000384 -0.000793 -0.000076 -0.000480 -0.001478 -0.001446 -0.000740 -0.000011 -0.001536 -0.001383 0.001710 0.000341 -0.001892 0.000211 0.000852 0.000147 -0.001731 -0.001830 -0.001585 -0.000569 0.001409 0.001660 0.001087 -0.001790 0.001338 -0.001109 -0.001414 -0.001018 0.001805 -0.000867 -0.001527 -0.000445 -0.001320 0.000470 0.001108 0.000649 0.001550 -0.001013 -0.001585 -0.001515 -0.001220 -0.001787 -0.000645 0.001583 -0.000303 -0.001146 0.001791 0.001439 -0.001327 0.000613 0.000541 -0.000821 -0.000353 -0.001812 0.000490 -0.000640 -0.001708 0.000405 0.001813 -0.000314 -0.000031 0.001940 0.001790 -0.000020 -0.001380 0.000008 0.000672 -0.000734 -0.000777 -0.000807 0.001647 -0.000465 -0.000504 -0.001815 0.000714 -0.000169 -0.000192 0.000917 
c17 -0.195836 -0.018306 -0.033717 -0.086525 -0.082043 -0.000506 -0.025186 0.007166 0.119825 0.075662 0.064808 -0.046847 0.135543 -0.175379 0.073672 0.018513 -0.012291 0.063656 0.136314 -0.023410 -0.040756 -0.093886 -0.018081 -0.000154 0.006027 -0.055354 0.093769 0.074630 0.060725 -0.080776 -0.064746 0.017654 -0.111941 -0.002668 0.069601 0.086823 0.000665 0.102453 -0.035859 0.034452 -0.068199 -0.038895 0.064757 0.013621 -0.017415 0.086357 -0.010765 -0.056729 0.021372 0.011214 0.011878 -0.002132 0.061256 -0.040285 0.015527 0.040861 -0.075184 0.136812 -0.124779 0.042345 0.052067 0.040186 0.027769 -0.029207 0.007150 -0.069409 0.020055 0.048469 0.081925 0.009968 0.009371 -0.091323 0.057425 -0.029967 -0.014306 0.056321 0.041973 -0.047819 0.026092 -0.065868 0.025167 -0.021355 -0.018894 0.074040 -0.000896 -0.003229 0.015679 0.045247 0.025555 -0.078986 -0.044576 -0.133722 0.010719 -0.043713 0.032092 0.036080 -0.043765 -0.023777 -0.034405 -0.005533 0.007135 0.076633 0.040481 0.151765 0.063376 -0.082515 -0.024772 0.026141 0.071766 0.032079 0.117567 0.030217 -0.079592 0.017664 -0.024283 0.081681 -0.005416 0.080501 0.110134 -0.070880 -0.123040 -0.107931 0.078686 0.047582 -0.022023 -0.018713 -0.010203 0.068830 -0.024970 0.012182 -0.036898 -0.017303 -0.007288 0.026997 0.050579 0.088255 -0.037891 0.020059 0.035934 0.030107 -0.069046 0.065085 0.005543 -0.017240 -0.040470 -0.081174 -0.057756 -0.077698 -0.061595 -0.054091 -0.004145 -0.082651 0.115552 -0.012529 -0.034043 0.001901 0.063603 -0.057186 -0.048262 -0.056600 0.007782 0.103188 0.018757 -0.065684 -0.023341 -0.019604 -0.003967 0.007433 0.029021 0.094122 -0.010839 0.002485 0.029139 -0.137565 0.018649 -0.034723 0.011893 0.116326 -0.052214 -0.013170 0.075713 -0.058826 -0.037504 -0.044346 0.020064 0.034311 -0.113110 0.064599 0.054069 -0.019081 -0.024844 0.053740 0.054003 -0.072795 0.045341 0.054542 0.066969 0.124529 0.047549 0.006621 -0.038927 0.010842 0.080505 0.026375 0.057908 0.071221 0.034766 -0.075411 -0.017433 -0.025608 0.167170 -0.027532 0.016811 0.060247 0.072103 0.043448 0.053022 0.058865 0.010783 -0.147212 0.049745 0.018040 -0.013662 0.021009 0.001775 -0.096581 0.066711 0.080743 -0.127275 0.031619 0.047579 -0.026313 0.098565 -0.100952 -0.094855 0.002000 0.037268 0.001027 0.042080 -0.056862 -0.078650 -0.062943 0.009163 0.103433 0.108909 -0.087207 0.017309 0.040600 -0.092973 -0.143208 -0.088821 -0.134943 -0.040396 0.027732 -0.048301 0.017860 